50 50 13
21122110211002201011000222001101021112111211110011
01201201220002010211000222002112010211110221100120
00002002121002211112022011020020001211202110111222
22200110001001001220012210010000101112020*01112211
11000221022201212220202210010201110212222121020210
00100*12211210110212211121111012222011200102110212
11002121210102212020001120200022211220121200122201
0101202210101022010210220122111222*200111020122112
10210002*20011220022110212210022021001111222001101
20100222222121001120001002011211021020210120201211
022110212110*2011010110220210101200000211121202210
22002211011100221220121102101211212211120212001121
02120211201021*21100000122111211121110011200102012
12011010202021002220200212012100112221022001200212
100101002*201011110112210100110*201220011220222102
22220210102201001211220201122220110221002020200111
2121020000220210200210*100211000222222220021200110
100*2121212122021022020022121102102012220200110022
02210202120121220112122200101022020111000111010002
012012*2200001212200212100*00001201100101211002101
202220021001201122110001212201*1101101011111200202
00002000002*112221000001202000002121222202*0010222
10212112212001221121101001212200202220110220020210
10001110200010000212221200212011111201001101201210
20212022120012202010112222101221012002012120021020
212111102221121121*02012121022110**221211210122200
20121212212111120021010110110220212110210102221100
20201102001012200020202022200020111002110022210100
22012212120012222210121121000000022011002110100112
2001121122*1000012221122*0021202*00022002212020220
20210211211200210011012212200112001002200001101210
11111000001101212022100221001110021102111021021010
02011001020200122210102102112020222100010*11200202
010000222*2111010*12021201201002212010201210222011
22111200111111222120212122010200122022101020222202
201210002000120022011000020221220021*2200002011221
20100221101121120220221101211120120021221101021220
21102120201211222212202222111021002021022001201120
11112010202202002021021010122101120002102000001101
22002110100211221212021021102222122211001001121020
11202211022020000211011101011110010210120022102211
010*000110011002020*20000100112210*100021111120221
22222210020021020000122202211201220212220002212022
20211200100122022002000000220212212112212021012222
22010010220100022211022010111100111*10011001000202
1012212120012121022100112022001011210122*201112202
21000210220122010100022211112111222011011100112222
00000121012200221012221022222222100110022022112021
00011111011012012222210102000220221100011110202102
12011211010221210020212121122120100201111010110122
34 46
20 3
19 32
49 30
22 10
41 16
10 23
21 19
47 20
9 30
1 30
45 15
25 28
