38 45 12
222031210231113133323033103032321120301330001
011313312232232020132222311021123210201030313
111131313101303021302323132123130203330301031
303030232101313222312201332031121121110320121
000331121*111102*303110210111321*203321112223
201101311121232120100002113331212332020232322
230200200111000222021223202100320300321032103
221023102032202330320313012332210312323122302
231223320222011332333221133323103231123102303
033232110223111122001113123323223112323311222
030230311223111030311103000123322302333011022
131122203203221110010200111210023101021302230
301302023030111113033232322101132332131030002
123122001203113233022331000000222231031221133
112020213313310302221320002221133331312203230
22000*1311010231*2021112332211330*302*0320022
031203010213131220220300332330130220121102012
100222212201131100122130301112322001222113222
333011221311032221121210021303202103222313112
301013230232333213023001203110000111030110303
220122022202123120231330001001323301100320232
110133223223323012302112111130001020003331220
231022233000123220322022311000023221001301023
301330132020130132010210310012002102111010033
0022102312222231*2300111313312212033012230023
031021003130022203103010330332231033133012110
300211112201200020*23003000211301332000220300
00301132122220303013303302201211*010112330121
020033333331102310211322112220332331331220330
121112301112331320123312030023132213103210010
10212011131001232211*0233000031112*0301002103
3321130*1311011113333323033203233010311012113
220220112021001321222213010221210232203101202
000123310212330011000220231321121230121102331
003103231211303121200212322122322232111202333
20*331312110022*10030201031221111200302113211
033132123222000121202302113031100010322200000
012203033200100210321313133130131011310230210
1 18
21 43
17 18
28 11
28 6
1 17
23 15
14 28
32 13
20 15
3 15
31 33
