36 27 19
212011012210020133231212221
103220121223000013022001132
**1***1***1***1****1***1**1
313100203330332102102202002
013100021101001030200010200
000212122220331031130110111
131232223031313303012122103
111330010232101233223130303
123130223230210030213131000
101013322301330311320302211
012022123012312001033131221
012113312130132323123322201
320021232133302012200123011
231023021101310210112332300
201020122120230322313020213
003133231300112202230031333
310211120013203211031220323
022013001113120000022121213
202200001011123001101103311
132022203203000113023133200
101311113003323220301203122
003023210321221110002032213
121021333210203321133133302
223131233322303323221030300
230012321001303230122110213
303323320113213303322301112
233123111003010301331220110
231010323230331202232322010
022001102230110103223103331
132200000120303310320312222
111331111211223313200303330
212033222333010102133010100
003020223101031332012221223
233233131110130230323220012
231110030003111120213201120
231010121220220101210231111
4 22
25 4
2 14
25 24
5 16
8 7
22 4
9 2
16 3
2 13
28 24
24 14
35 8
29 6
20 9
10 14
1 25
6 2
9 21
