25 25 15
1001220120021210011210020
0010212211221111222200011
12**002022212000021**0200
1102000102122112102210212
202110**22101210100201111
1011210021201221000021102
1111020011012110110022222
2202000211211110220111221
0200222211010012222110110
2210**1111121101221200010
1200101001000021212121122
0211011101200002212220201
1122000022210012021100000
0210001111211**1212002000
1112110110011222212020210
0200002122120200220202211
2222002000010200021102002
0000212111221022100121212
0212020121110110102212122
0100101121112011111222200
212011202******0110101110
1110212101020120222012200
1120001212201002202020020
1001110000011000200110011
1112011222010120212011021
19 7
6 10
3 22
3 11
8 2
20 16
6 22
20 2
2 22
25 10
12 14
2 18
15 15
20 8
16 16
