22 32 20
10301330301121313202323030203330
32001000022231320303133101130103
303100102331123120033003*2323312
31301103030123203333302021210030
130200100*2200203132113331031032
33030130212320311203332203223102
111120112300331011300*3111302323
03033101001333000301132201230021
3303000102*3103103*1300312223132
03103213022121220103103321112002
31323013230103300301330201331310
10*01303200230333313211230100311
3310310120010310*230302200303012
33320302300031013312331330020113
00213*32232102231320230230031122
10302230211203212021323223131312
00323231303*01121330122323233013
00132002101112331332121310200030
01031012023213122013223021021032
13123210002133013112302212032313
22220*203023320*310212031*230333
111103*3332213000132331003012303
15 2
21 21
3 14
4 16
10 23
20 31
18 18
12 2
13 7
22 23
14 17
19 7
6 23
4 14
20 8
11 26
1 9
10 1
1 26
8 12
