40 40 16
1200112002212220102102200100101002001001
2002202212122101212120200202021001002202
21**121010201211220022001112211112122220
2210120121221000210111021221221020111101
0212020000222211202212202121100201111221
2122100020002010211021**0021021000021111
1122202200220200010101212220002211110101
20002*0011222101020122121101210211221102
2210022102002221010001220212112011021011
0100102210212220202002110222001**1112001
1111102112212***002002211020110001212120
1221211022101022111002110020020110021121
0022110002011202202000101220122221212222
1010222002012020212012021000210110210111
120020222101110*110121011202111202012002
1100012202100110210002121201210122100001
0121001002211000211122021100201221000010
201**0101021021011000202**01022021112011
1101121002110022221221202112201011210111
1201221222220201110012010020212110120210
0200102**0102222010000121212202020020002
0101100122200101010020020221000***212122
0220122211111210111210102112221022102121
2001011201211111001120122020221212011011
1120002111211002102101010201212112210220
0212101001212200202202011000000001012221
1121100112010202012122122222020111021010
1001201221121001021021200001120200121021
2111210012101102221121121110212120022000
2222001022221010101020222022100222120200
2200022200102121121021211122020221101002
1120022220022021111212211110202111221221
1010112201210202122022121120211000111011
2110020210020022112111111221010201010110
1102122101210220222012021102220221110102
1101012211001100210011202101000111020020
2000111202021211012110210000100012200001
2000210102221011111200012220002000212202
2020011211212001222002112121002202012210
1120222121001221020122120210200022112121
25 39
37 21
40 35
4 39
27 16
25 28
38 24
8 13
13 4
20 7
26 10
9 13
9 20
30 28
1 12
28 17
