15 30 17
210001201021100210212002211111
112100021002120222010002220022
101211020221211210122020220202
0*2121221021012121010020011021
021011101211111110012122221000
21022101*221100212021010010201
0201220210002100100201220*0020
201110021201020202001000200010
2210001100102*0011212022120202
121202020112202111201110201221
201102022110002010211112200000
2011101221102211012*0111112221
021210220211021202110122010012
120021121121120021002022201200
000002211111202201102112100001
10 2
14 26
2 15
1 20
2 13
1 16
6 10
4 26
7 5
7 18
15 22
8 7
4 12
10 16
13 30
15 30
1 14
