50 35 7
13101312331201200020230222113100110
21100123131232000302223320321033100
21213121101101123312121031333331112
02013120131021102312331221132212013
02100120331011100012223101221011232
20023303011011230021130300122001003
33333000112012233133230010020023312
22223000132020312212012212011233022
32233120023102322000221333223002232
20020212231011023232121311030312310
03121131201003320130210213332132000
21330010000211210312001322213211010
01101203321020100113301030200300020
10103323120131220201103102202003013
30121022331133101132110130220323031
13302210201213200302310113313321221
10212221013022001103332031200011132
31001231022033022312221221332212022
10230010300233312120000322102330313
31030032321103313312233222121210313
01221102131221303301123301001101223
33311233003132103332312023031221222
30121112033122002122312230102321300
01122113303021200023320313122123301
11300330103113302101232110303320010
10311002131112121012111201001102130
23000011132002120202212223210112112
11333213300102120202130231312030223
10003001022221202100013103001232332
20230023231213213001031010333221201
31323232320020030300003032210223311
33112312122021132122100212002121032
22300120031313130232322303113031321
30330213000302321101132223132301330
31121131110331302220011330300213022
10121221130113013123132131221102111
20331303033220011303211122103312311
00130022333002031112333032111222201
30013300330302021311203311230213210
20123022002222330320102000132230202
20100132312311112133130023021013120
13303022133321212213003223310112102
00022311123211001030223031112232230
02110012122103001231103221103000321
32213100130102020112320010013232010
32033330321122201001212300231030230
22321133311032000123232102000302101
21011231111113001322302311032000112
23130211301310233213323303300023332
31310320032320010203232303132112213
10 19
18 23
6 29
8 14
32 15
14 16
13 6
