50 50 15
22021020113001101321411010043113410034210222302244
00022242144420142132334200234344003342222321001314
24311011004022200104020200210132034430043110332012
01121220031004343420021142412044301441004304211200
20411332422040322232422240322042233313222431131304
22404324211133433230411442203020412014431211020010
00312301033242012113140200120232013214024413122430
22431403432202011222111224143013403013003344202421
13442134241340022223411423144322313034123212211003
00431132232400312104001321203230403211411324300330
24004431411410440331140300403400023011120221033213
32433044023304001414314204103431422221100102222311
32424432412243210123104122120400142342000400221231
22120041411442430013012012401314241212130224133431
21211133121410344130432201200134402233010301302320
01000013231042314340013044114014324440420244443334
03140003243032203422331240223241002022413423313121
00113012024431103344024404241023030003402012122211
13004103233411433443210344131422420302120233324343
31144232141030230004421331244143202232113313002124
02430442304233422214042334120332022231014134402420
30223011440430213240433434423421140412103301342312
02034003234020422110343033402344220120023122230413
40040322012214113330211413014110314112043231344342
32103203022120021311440234322321233220122300024230
32142400440124102310230400242241412302111324301204
24324023020401220013141134121410312422221431110313
12220342023131321210420201001132131110013341240012
02402232244330303424204331041332124343244140342434
32240212341132132234343243112112002323014143001231
41041024101423141442243121200214313133123412234440
31134043000311202033234122113021334411311322144442
44240031333013102210041222311013402102242213040232
04313034424203244333402032231021114233122042023421
41113400433204313344131201132013124231430222403230
41301142113321233100104323023024214020204231414444
40113043340034304202341100402313334331330414314044
44102132302033001010411221311432313123033233003401
11343202441432010440244202203324423040201040413410
10433102202444144013330200131403421433403114020101
40102123234234410044041203100341303340311304423424
12441120420314344202032121023224133342332333422312
34002042244400430420441320201044421322211131421134
23033300010422112000443424111223023303002221102410
42441144201403403400223144130401141430422244134144
23204311322404033004322410201323210312441201332332
33022321130344442014143433201221323030441140234103
03202001221004441210143040012244132012434032131424
24401334101214130411223344320022113311233004030021
32010020220402200414214404001434142314032104324012
9 27
13 43
33 15
38 24
32 24
3 16
5 10
35 8
12 14
45 46
8 21
13 41
33 40
31 25
29 21
