40 40 8
2320233023110301232211203200321110103101
0120022210022221132013123222323031033210
3231012100110203122011003102313232303210
2312112200311310013032220223003231102332
3230111220212002221221112220113032003122
1033131323200322102211200203031131100202
1231113212023223023010211312110333000021
2231011100110322200010310310302121333003
0100132332303213233131313202201221230123
3202011201032311113320102332012032203020
1233101220101203231203201101121210121213
3230133320120021122213020101010303312200
2122110232002022233203102010210032303333
1333021210013121131311300203132332230011
0120201303210110010112000330301310330120
0010121101313310200102112002123120233313
0003313210312020122201022211120120021002
0332012130332310121211331012010013210023
0122132213120021033013022232211323132020
3320301001010133321233112211231223210310
0211300221010123030221000220230211301333
1301130120311012232033300212201332001113
1103121313002313121322210321031101013111
1113022103122302220211022032203310213133
0022321201012030132331212021110212010130
2320011103001213230010223233020222323030
3300113303310103032022200120110100111101
0030133122100001121331031102213312321300
1101112333230221333203111033333013220010
0330112101300012011000013200310313320131
3213231302302322222132001331122010333123
3132110332030031322011021010103012220213
0120121100111232212311323213023101113320
3010212020331210020113210320210111132330
3230011131200010300210322110001020021131
2112133133300222332033010031232000323232
1221003032021031023211321200032110310213
0112103232000321122110321201011132303222
1321212030111032233310003302130222303203
2203231131001000302032311220023303233002
18 13
39 23
5 23
8 36
15 38
12 31
21 23
36 34
