12 48 20
320143555001434433403314552424540532322032154445
500145514555351124451432431013404410101334201124
041505122013251013421555103313555425330321440425
105032342552225212523545021403151044351344551312
542040023151305411140213052521155451434553503242
334154443033530555011254544140314021413551232021
302435203411530331252045542142211244202354325150
255253041253352400005214444143100430514432145405
403315531355440511302553100120455204105014041430
340535054444503224412301005140154522321513343544
123153251243232114145234340414220433541103201552
104001433405021443221135455523543324255015320442
2 12
11 38
2 42
3 3
8 24
2 14
10 37
5 19
1 3
3 24
12 45
4 38
7 22
2 33
2 11
4 39
2 30
8 28
11 35
10 31
