50 50 24 25
27566006062262255252355363304356225125723251476213
44117753716470641011343057731076407474765525501703
03733522042727713662437604623753246611025317210576
74262221460112600711164356453342760202350362542643
75130614340767561604317135653202715076422420476556
20712260712731001766202436364156147376367563763062
60214377130612315271066635556374315745660742173612
72060235710663732401210631667707105220712070373634
75573001671662634144264237115454123423603761155661
20762553637470635163112033501313301657132171164673
10430775700044052543164036644576641630431435042217
62523701257135543157464734357545727270415330004311
35775730025475677673746236302425214747742501270157
54337722046210357747364436307004430332536457404400
33777752742717312630114630644647236123420611542025
03641640216600272426624032452722206462403274313555
34074310137352436262314237304067467010124061225043
27471264235021612023263036246771640066401114375577
02532515104112512377310433420320574045565176347677
52057513716124164531312235673560066737220042450024
16530417344154733225526132653014660731665202775227
07260706436605404712664633566766604674430310060451
63721067746525563420723133727435037135021773441704
70621150344714216566005733333410473500545236657426
32602126632737764772344622327602062274067353241640
07446771167100722673466210636237203072100110103362
63045243536020050701702013047765262706251063061061
25146206675447366351161722532344151701560334263110
22631057302743552560363635466660044251101306753122
15044320106717451162105164616037644276216107044153
37300157237625267142233323774527457464307362000025
24057207144330024670763503613065462402326751764343
33161227357133757702161700544177506620555460756756
16435432074771057254020637416170733506706305402327
72171475556455002072055022045335544613361136737136
33314534107455023157060357641124455020531476170516
41444142553717470675101073070154220634011303252231
75215145046600006356461514236556277003507467467324
16333475053535425453447333136370223572377643305143
40733365650552000723611244225651644273750735235227
50062524702410062011511063335522520772362524632033
20431264532757157172720266506030073111664051766676
17011676656166010136776415274255156235012620422435
22406561523274056326544750275547000666730257654416
26265777645235333113415104740023651340334050503015
35617756356604327722272077020273764651407267611614
03333224426465224740733621747000433755310156770364
36764203674670127603704563466332120540020407412472
77234070653174401002306303527446361760046365025126
35621656042426235045521371552736510605401653476202
