40 40 15 22
7708266524797094095188907691578261187761
1300414610910028711289740849701063005688
8819839760261924975698652877667568064740
9690716682200054033690359115875754028808
2485449673583834269067013261262510004143
4110966358615840002494926193356960086811
6943713917423340763231301500531338609102
1454916871015636156880130749063128632429
8423079328118248109282323165806669976029
8628888297492925180906567654685747547668
3287202504623382968763422260858378110562
2447759618473096278022429759244688365348
1076162562603242903342048523874191808266
5460832935495433268022244274450118191586
3258911191344708974622934346822170983212
4480480564100164602452849722254892850818
2214578393840609523972791543574925394433
7109900453442353106690817311747677569724
0812267584386194525282151631487660107855
4931257792287330193771631760736221578448
8865118501274838718546990668028814628470
7202030860507497075206212050431471676872
8245664832238560521274647413297033809205
4304075598762501936143488208625355772431
4276899935190779179724279254805325126129
6597286587201792166964219455577348086836
5868561649513042490199457545572150126203
4847802214323980647219590638141527229641
0953035773914426057310850379132248751321
8144761930350320602054204976499223799084
0190723347311736904395638329333565539095
7461407303628258709252717578563520660592
0648828847091801399873503165667844846620
5397118637602207392272016954704335068021
9822249634006214198194441629663567791977
5771917327611072893478135129016583806558
4115389192561628747963669485134565296127
6749669527702391077333190318736530418362
2535926915440541959807339747232587271882
6376039901908268107459146337342191094916
