12 48 8 41
246345257334471202061215366731750515232275635755
144205033637724705421640423121637267762345230620
444444444444444444444444444444444444444444444444
244502402671273613727144623472610261521700037410
742617301641022051123214327260350531461646740155
247611243161116171230414201226044725041310461270
444465006120724427123361327457511157657411464126
040376421466337444331270347751555604456511111111
640057003700155636303154610730423420320710736511
341667240233275537572564657420555733657613112766
645013470333400174451331652141724435774737270307
745070165471564127716301330360254754072531707311
